  can0    6  [7] 00 00 0B 1C 3A 00 00
  can0    6  [7] 00 00 0B 1D 00 00 00
  can0    6  [7] 00 00 0B 1D 00 00 00
  can0    6  [7] 00 00 0B 1D 01 00 00
  can0    6  [7] 00 00 0B 1D 01 00 00
  can0    6  [7] 00 00 0B 1D 01 00 00
  can0    6  [7] 00 00 0B 1D 01 00 00
  can0    6  [7] 00 00 0B 1D 02 00 00
  can0    6  [7] 00 00 0B 1D 03 00 00
  can0    6  [7] 00 00 0B 1D 03 00 00
  can0    6  [7] 00 00 0B 1D 03 00 00
  can0    6  [7] 00 00 0B 1D 03 00 00
  can0    6  [7] 00 00 0B 1D 04 00 00
  can0    6  [7] 00 00 0B 1D 04 00 00
  can0    6  [7] 00 00 0B 1D 05 00 00
  can0    6  [7] 00 00 0B 1D 05 00 00
  can0    6  [7] 00 00 0B 1D 06 00 00
  can0    6  [7] 00 00 0B 1D 07 00 00
  can0    6  [7] 00 00 0B 1D 07 00 00
  can0    6  [7] 00 00 0B 1D 07 00 00
  can0    6  [7] 00 00 0B 1D 08 00 00
  can0    6  [7] 00 00 0B 1D 08 00 00
  can0    6  [7] 00 00 0B 1D 08 00 00
  can0    6  [7] 00 00 0B 1D 08 00 00
  can0    6  [7] 00 00 0B 27 38 00 00
  can0    6  [7] 00 00 0B 27 38 00 00
  can0    6  [7] 00 00 0B 27 38 00 00
  can0    6  [7] 00 00 0B 27 38 00 00
  can0    6  [7] 00 00 0B 27 39 00 00
  can0    6  [7] 00 00 0B 27 39 00 00
  can0    6  [7] 00 00 0B 27 39 00 00  can0    6  [7] 00 00 0A 0D 39 00 00
  can0    6  [7] 00 00 0A 0D 3A 00 00
  can0    6  [7] 00 00 0A 0D 3A 00 00
  can0    6  [7] 00 00 0A 0D 3B 00 00
  can0    6  [7] 00 00 0A 0D 3B 00 00
  can0    6  [7] 00 00 0A 0E 00 00 00
  can0    6  [7] 00 00 0A 0E 01 00 00
  can0    6  [7] 00 00 0A 0E 01 00 00
  can0    6  [7] 00 00 0A 0E 02 00 00
  can0    6  [7] 00 00 0A 0E 02 00 00
  can0    6  [7] 00 00 0A 0E 03 00 00
  can0    6  [7] 00 00 0A 0E 03 00 00
  can0    6  [7] 00 00 0A 0E 04 00 00
  can0    6  [7] 00 00 0A 0E 05 00 00
  can0    6  [7] 00 00 0A 0E 05 00 00
  can0    6  [7] 00 00 0A 0E 06 00 00
  can0    6  [7] 00 00 0A 0E 06 00 00
  can0    6  [7] 00 00 0A 0E 07 00 00
  can0    6  [7] 00 00 0A 0E 08 00 00
  can0    6  [7] 00 00 0A 0E 08 00 00
  can0    6  [7] 00 00 0A 0E 09 00 00
  can0    6  [7] 00 00 0A 0E 09 00 00
  can0    6  [7] 00 00 0A 0E 0A 00 00
  can0    6  [7] 00 00 0A 0E 0A 00 00
  can0    6  [7] 00 00 0A 0E 0A 00 00
  can0    6  [7] 00 00 0A 0E 0B 00 00
  can0    6  [7] 00 01 0A 0E 0C 00 00
  can0    6  [7] 00 00 0B 04 2E 00 00
  can0    6  [7] 00 00 0B 04 2F 00 00
  can0    6  [7] 00 00 0B 04 30 00 00
  can0    6  [7] 00 00 0B 04 30 00 00
  can0    6  [7] 00 00 0B 04 30 00 00
  can0    6  [7] 00 00 0B 04 30 00 00
  can0    6  [7] 00 00 0B 04 33 00 00
  can0    6  [7] 00 00 0B 04 34 00 00
  can0    6  [7] 00 00 0B 04 34 00 00
  can0    6  [7] 00 00 0B 04 34 00 00
  can0    6  [7] 00 00 0B 04 35 00 00
  can0    6  [7] 00 01 0B 04 36 00 00
  can0    6  [7] 00 01 0B 04 37 00 00
  can0    6  [7] 00 01 0B 04 37 00 00
  can0    6  [7] 00 01 0B 04 38 00 00
  can0    6  [7] 01 00 0B 04 39 00 00
